    $reference exodus file Solid_Osc_V0_Modified.exo
    $reference exodus sideset id (   1 ):        1
    #surface_topo QUAD4
    #start_surface_topo_conn
               1       85       86       88       87
               2       87       88       90       89
               3       89       90       92       91
               4       91       92       94       93
               5       93       94       96       95
               6       95       96       98       97
               7       86       99      100       88
               8       88      100      101       90
               9       90      101      102       92
              10       92      102      103       94
              11       94      103      104       96
              12       96      104      105       98
              13       97       98      155      154
              14      154      155      157      156
              15      156      157      159      158
              16      158      159      161      160
              17       98      105      162      155
              18      155      162      163      157
              19      157      163      164      159
              20      159      164      165      161
              21      160      161      239      238
              22      238      239      241      240
              23      240      241      243      242
              24      242      243      245      244
              25      244      245      247      246
              26      246      247      249      248
              27      161      165      250      239
              28      239      250      251      241
              29      241      251      252      243
              30      243      252      253      245
              31      245      253      254      247
              32      247      254      255      249
              33      304      306      307      305
              34      306      308      309      307
              35      308      310      311      309
              36      310      248      249      311
              37      305      307      313      312
              38      307      309      314      313
              39      309      311      315      314
              40      311      249      255      315
              41      340      341      343      342
              42      342      343      345      344
              43      358      340      342      359
              44      359      342      344      360
              45      373      358      359      374
              46      374      359      360      375
              47      388      373      374      389
              48      389      374      375      390
              49      463      465      466      464
              50      465      467      468      466
              51      467      469      470      468
              52      469      471      472      470
              53      471      473      474      472
              54      473      388      389      474
              55      464      466      476      475
              56      466      468      477      476
              57      468      470      478      477
              58      470      472      479      478
              59      472      474      480      479
              60      474      389      390      480
              61      463      464      554      553
              62      553      554      556      555
              63      555      556      558      557
              64      557      558      560      559
              65      559      560      562      561
              66      561      562      564      563
              67      464      475      565      554
              68      554      565      566      556
              69      556      566      567      558
              70      558      567      568      560
              71      560      568      569      562
              72      562      569      570      564
              73      563      564      620      619
              74      619      620      622      621
              75      621      622      624      623
              76      623      624      626      625
              77      564      570      627      620
              78      620      627      628      622
              79      622      628      629      624
              80      624      629      630      626
              81      703      705      706      704
              82      705      707      708      706
              83      707      709      710      708
              84      709      711      712      710
              85      711      713      714      712
              86      713      625      626      714
              87      704      706      716      715
              88      706      708      717      716
              89      708      710      718      717
              90      710      712      719      718
              91      712      714      720      719
              92      714      626      630      720
              93      793      795      796      794
              94      795      797      798      796
              95      797      799      800      798
              96      799      801      802      800
              97      801      803      804      802
              98      803      703      704      804
              99      794      796      806      805
             100      796      798      807      806
             101      798      800      808      807
             102      800      802      809      808
             103      802      804      810      809
             104      804      704      715      810
             105       85      823      824       86
             106       86      824      825       99
             107      823      838      839      824
             108      824      839      840      825
             109      838      853      854      839
             110      839      854      855      840
             111      853      793      794      854
             112      854      794      805      855
             113     1036     1038     1039     1037
             114     1038     1040     1041     1039
             115     1040     1042     1043     1041
             116     1042     1044     1045     1043
             117     1044     1046     1047     1045
             118     1046      304      305     1047
             119     1037     1039     1049     1048
             120     1039     1041     1050     1049
             121     1041     1043     1051     1050
             122     1043     1045     1052     1051
             123     1045     1047     1053     1052
             124     1047      305      312     1053
             125     1102     1104     1105     1103
             126     1104     1106     1107     1105
             127     1106     1108     1109     1107
             128     1108     1036     1037     1109
             129     1103     1105     1111     1110
             130     1105     1107     1112     1111
             131     1107     1109     1113     1112
             132     1109     1037     1048     1113
             133     1102     1103     1175     1174
             134     1174     1175     1177     1176
             135     1176     1177     1179     1178
             136     1178     1179     1181     1180
             137     1180     1181     1183     1182
             138     1182     1183      343      341
             139     1103     1110     1184     1175
             140     1175     1184     1185     1177
             141     1177     1185     1186     1179
             142     1179     1186     1187     1181
             143     1181     1187     1188     1183
             144     1183     1188      345      343
    #end_surface_topo_conn
